>TGTAAAYA	1-TGTAAAYA	7.424115	-5454.570024	0	T:3885.0(58.65%),B:3435.9(8.22%),P:1e-2368	Tpos:98.8,Tstd:39.2,Bpos:99.4,Bstd:66.5,StrandBias:-0.1,Multiplicity:1.18
0.249	0.011	0.195	0.545
0.157	0.001	0.841	0.001
0.001	0.177	0.001	0.821
0.647	0.351	0.001	0.001
0.909	0.089	0.001	0.001
0.997	0.001	0.001	0.001
0.001	0.529	0.001	0.469
0.997	0.001	0.001	0.001
>GTCAATAA	2-GTCAATAA	4.162182	-3437.979794	0	T:2786.0(42.06%),B:2644.7(6.33%),P:1e-1493	Tpos:104.1,Tstd:51.0,Bpos:101.8,Bstd:64.1,StrandBias:-0.2,Multiplicity:1.01
0.001	0.001	0.997	0.001
0.001	0.001	0.001	0.997
0.132	0.866	0.001	0.001
0.997	0.001	0.001	0.001
0.997	0.001	0.001	0.001
0.001	0.055	0.001	0.943
0.997	0.001	0.001	0.001
0.828	0.034	0.137	0.001
>TGTTTAYT	3-TGTTTAYT	6.608108	-3259.485065	0	T:4140.0(62.50%),B:7428.6(17.78%),P:1e-1415	Tpos:99.3,Tstd:47.5,Bpos:100.7,Bstd:66.3,StrandBias:0.0,Multiplicity:1.25
0.051	0.024	0.001	0.924
0.178	0.001	0.820	0.001
0.007	0.001	0.001	0.991
0.001	0.001	0.167	0.831
0.001	0.001	0.001	0.997
0.734	0.001	0.264	0.001
0.001	0.513	0.001	0.485
0.117	0.139	0.090	0.654
>GTTTACTT	4-GTTTACTT	7.422668	-1536.209746	0	T:1269.0(19.16%),B:1091.6(2.61%),P:1e-667	Tpos:97.5,Tstd:50.5,Bpos:100.8,Bstd:67.1,StrandBias:0.2,Multiplicity:1.01
0.001	0.001	0.997	0.001
0.001	0.001	0.001	0.997
0.001	0.001	0.001	0.997
0.001	0.001	0.001	0.997
0.997	0.001	0.001	0.001
0.001	0.997	0.001	0.001
0.250	0.001	0.001	0.748
0.001	0.104	0.001	0.894
>KGCAAACA	5-KGCAAACA	7.327872	-1461.122037	0	T:2067.0(31.20%),B:3408.4(8.16%),P:1e-634	Tpos:98.6,Tstd:48.9,Bpos:100.3,Bstd:66.7,StrandBias:-0.1,Multiplicity:1.07
0.001	0.066	0.503	0.430
0.325	0.001	0.673	0.001
0.001	0.768	0.001	0.230
0.869	0.129	0.001	0.001
0.997	0.001	0.001	0.001
0.804	0.001	0.001	0.194
0.001	0.657	0.129	0.213
0.809	0.061	0.001	0.129
>CAAAGGTC	6-CAAAGGTC	6.186765	-512.223960	0	T:1681.0(25.38%),B:4711.1(11.27%),P:1e-222	Tpos:99.7,Tstd:51.2,Bpos:101.0,Bstd:63.2,StrandBias:-0.0,Multiplicity:1.13
0.012	0.905	0.042	0.041
0.955	0.039	0.005	0.001
0.940	0.020	0.030	0.010
0.987	0.001	0.011	0.001
0.001	0.001	0.997	0.001
0.027	0.001	0.747	0.225
0.001	0.050	0.065	0.884
0.026	0.825	0.019	0.130
>AAAGTTCA	7-AAAGTTCA	7.145859	-486.179070	0	T:1414.0(21.35%),B:3676.6(8.80%),P:1e-211	Tpos:96.6,Tstd:55.1,Bpos:99.3,Bstd:62.0,StrandBias:0.1,Multiplicity:1.07
0.855	0.039	0.001	0.105
0.511	0.090	0.290	0.109
0.663	0.001	0.285	0.051
0.001	0.001	0.997	0.001
0.001	0.001	0.322	0.676
0.014	0.338	0.001	0.647
0.155	0.843	0.001	0.001
0.888	0.028	0.083	0.001
>TTGACCTT	8-TTGACCTT	6.118628	-431.318085	0	T:1637.0(24.71%),B:4897.7(11.72%),P:1e-187	Tpos:100.3,Tstd:54.2,Bpos:100.0,Bstd:63.8,StrandBias:0.1,Multiplicity:1.09
0.122	0.045	0.021	0.812
0.001	0.023	0.001	0.975
0.070	0.001	0.928	0.001
0.979	0.019	0.001	0.001
0.092	0.837	0.001	0.070
0.019	0.979	0.001	0.001
0.001	0.070	0.001	0.928
0.050	0.085	0.168	0.697
>TTRYGCAA	9-TTRYGCAA	6.664795	-348.280575	0	T:1285.0(19.40%),B:3734.6(8.94%),P:1e-151	Tpos:98.8,Tstd:51.8,Bpos:98.0,Bstd:67.1,StrandBias:-0.0,Multiplicity:1.10
0.001	0.045	0.014	0.940
0.004	0.044	0.183	0.769
0.432	0.001	0.406	0.161
0.179	0.366	0.089	0.365
0.144	0.001	0.794	0.061
0.040	0.881	0.040	0.039
0.906	0.038	0.053	0.003
0.911	0.004	0.039	0.046
>AATCGATA	10-AATCGATA	6.741715	-342.255069	0	T:872.0(13.16%),B:2049.4(4.90%),P:1e-148	Tpos:97.2,Tstd:55.2,Bpos:98.2,Bstd:63.3,StrandBias:0.4,Multiplicity:1.05
0.653	0.001	0.345	0.001
0.578	0.001	0.420	0.001
0.001	0.051	0.001	0.947
0.001	0.997	0.001	0.001
0.422	0.001	0.576	0.001
0.997	0.001	0.001	0.001
0.001	0.001	0.001	0.997
0.617	0.217	0.165	0.001
>TTGACTCA	11-TTGACTCA	6.511905	-300.810600	0	T:1007.0(15.20%),B:2760.7(6.61%),P:1e-130	Tpos:100.4,Tstd:54.3,Bpos:100.5,Bstd:63.1,StrandBias:0.0,Multiplicity:1.08
0.241	0.121	0.127	0.511
0.001	0.029	0.030	0.940
0.039	0.005	0.827	0.129
0.803	0.040	0.137	0.020
0.039	0.540	0.357	0.064
0.053	0.137	0.039	0.771
0.180	0.699	0.042	0.079
0.911	0.004	0.014	0.071
>AATCAATA	12-AATCAATA	7.486025	-265.263902	0	T:659.0(9.95%),B:1511.6(3.62%),P:1e-115	Tpos:97.1,Tstd:49.9,Bpos:98.6,Bstd:64.9,StrandBias:0.1,Multiplicity:1.07
0.883	0.001	0.115	0.001
0.997	0.001	0.001	0.001
0.001	0.001	0.001	0.997
0.001	0.997	0.001	0.001
0.975	0.001	0.023	0.001
0.905	0.001	0.001	0.093
0.001	0.305	0.001	0.693
0.887	0.001	0.001	0.111
>CTYTGGCM	13-CTYTGGCM	5.574431	-236.499817	0	T:3025.0(45.67%),B:13743.1(32.89%),P:1e-102	Tpos:100.3,Tstd:55.2,Bpos:100.1,Bstd:65.0,StrandBias:0.0,Multiplicity:1.36
0.237	0.632	0.130	0.001
0.092	0.182	0.283	0.442
0.001	0.516	0.001	0.482
0.001	0.001	0.001	0.997
0.001	0.001	0.997	0.001
0.134	0.134	0.731	0.001
0.071	0.916	0.012	0.001
0.397	0.494	0.001	0.109
>GKACTTTG	14-GKACTTTG	7.826796	-232.937371	0	T:505.0(7.62%),B:1055.5(2.53%),P:1e-101	Tpos:99.5,Tstd:48.8,Bpos:98.5,Bstd:64.5,StrandBias:-0.0,Multiplicity:1.02
0.179	0.126	0.658	0.037
0.057	0.001	0.518	0.424
0.997	0.001	0.001	0.001
0.001	0.997	0.001	0.001
0.001	0.118	0.001	0.880
0.159	0.001	0.001	0.839
0.001	0.214	0.001	0.784
0.125	0.001	0.873	0.001
>TTRCGWAA	15-TTRCGWAA	7.347428	-181.216896	0	T:1019.0(15.38%),B:3472.5(8.31%),P:1e-78	Tpos:101.5,Tstd:53.6,Bpos:101.8,Bstd:62.6,StrandBias:-0.0,Multiplicity:1.06
0.001	0.001	0.001	0.997
0.001	0.235	0.001	0.763
0.331	0.001	0.451	0.217
0.001	0.524	0.205	0.270
0.001	0.001	0.997	0.001
0.482	0.001	0.054	0.463
0.997	0.001	0.001	0.001
0.997	0.001	0.001	0.001
>TGTGTACA	16-TGTGTACA	6.743576	-160.208702	0	T:338.0(5.10%),B:690.0(1.65%),P:1e-69	Tpos:98.0,Tstd:44.4,Bpos:98.1,Bstd:71.7,StrandBias:0.1,Multiplicity:1.03
0.001	0.001	0.001	0.997
0.001	0.001	0.997	0.001
0.001	0.016	0.001	0.982
0.001	0.001	0.997	0.001
0.001	0.001	0.001	0.997
0.997	0.001	0.001	0.001
0.001	0.997	0.001	0.001
0.824	0.139	0.036	0.001
>AGTCCAAA	17-AGTCCAAA	8.604395	-149.566618	0	T:479.0(7.23%),B:1259.7(3.01%),P:1e-64	Tpos:99.5,Tstd:55.2,Bpos:100.9,Bstd:65.5,StrandBias:0.0,Multiplicity:1.03
0.997	0.001	0.001	0.001
0.001	0.001	0.997	0.001
0.001	0.001	0.001	0.997
0.182	0.652	0.165	0.001
0.001	0.997	0.001	0.001
0.997	0.001	0.001	0.001
0.868	0.001	0.130	0.001
0.997	0.001	0.001	0.001
>AGGTCGAA	18-AGGTCGAA	7.680146	-127.785844	0	T:314.0(4.74%),B:708.9(1.70%),P:1e-55	Tpos:108.8,Tstd:46.0,Bpos:104.3,Bstd:67.2,StrandBias:0.0,Multiplicity:1.04
0.997	0.001	0.001	0.001
0.001	0.001	0.997	0.001
0.001	0.001	0.997	0.001
0.001	0.001	0.001	0.997
0.001	0.997	0.001	0.001
0.387	0.001	0.611	0.001
0.882	0.001	0.001	0.116
0.747	0.001	0.001	0.251
>GCTTATCG	19-GCTTATCG	6.668215	-125.099742	0	T:551.0(8.32%),B:1684.0(4.03%),P:1e-54	Tpos:98.3,Tstd:56.9,Bpos:98.9,Bstd:59.6,StrandBias:-0.1,Multiplicity:1.03
0.011	0.258	0.529	0.202
0.001	0.491	0.172	0.337
0.019	0.020	0.018	0.943
0.051	0.022	0.185	0.742
0.971	0.027	0.001	0.001
0.002	0.112	0.027	0.859
0.001	0.997	0.001	0.001
0.068	0.062	0.594	0.276
>CTAGGTCA	20-CTAGGTCA	7.009853	-109.207938	0	T:566.0(8.54%),B:1847.8(4.42%),P:1e-47	Tpos:103.9,Tstd:55.8,Bpos:101.7,Bstd:61.9,StrandBias:-0.2,Multiplicity:1.04
0.175	0.730	0.001	0.094
0.012	0.117	0.037	0.834
0.841	0.044	0.114	0.001
0.001	0.001	0.997	0.001
0.001	0.027	0.894	0.078
0.103	0.001	0.040	0.856
0.020	0.978	0.001	0.001
0.997	0.001	0.001	0.001
>TGWTGCAA	21-TGWTGCAA	7.814737	-89.979391	0	T:643.0(9.71%),B:2348.7(5.62%),P:1e-39	Tpos:98.3,Tstd:54.7,Bpos:98.3,Bstd:66.8,StrandBias:0.2,Multiplicity:1.06
0.001	0.001	0.001	0.997
0.001	0.001	0.997	0.001
0.520	0.001	0.001	0.478
0.119	0.001	0.119	0.761
0.001	0.001	0.997	0.001
0.378	0.620	0.001	0.001
0.997	0.001	0.001	0.001
0.997	0.001	0.001	0.001
>TTTCCCGG	22-TTTCCCGG	6.815560	-61.065641	0	T:717.0(10.82%),B:2998.4(7.18%),P:1e-26	Tpos:97.0,Tstd:56.6,Bpos:100.1,Bstd:59.6,StrandBias:0.0,Multiplicity:1.05
0.017	0.001	0.058	0.924
0.001	0.057	0.001	0.941
0.001	0.001	0.032	0.966
0.039	0.915	0.024	0.022
0.036	0.942	0.001	0.021
0.089	0.772	0.001	0.138
0.143	0.001	0.712	0.144
0.020	0.001	0.915	0.064
>CCCCCCCC	23-CCCCCCCC	7.919651	-46.024561	0	T:507.0(7.65%),B:2085.0(4.99%),P:1e-19	Tpos:103.2,Tstd:57.7,Bpos:102.3,Bstd:56.2,StrandBias:-0.1,Multiplicity:1.19
0.001	0.997	0.001	0.001
0.001	0.975	0.001	0.023
0.155	0.560	0.052	0.233
0.035	0.848	0.062	0.055
0.027	0.713	0.099	0.161
0.001	0.924	0.001	0.074
0.001	0.997	0.001	0.001
0.001	0.997	0.001	0.001
>CTTATCDG	24-CTTATCDG	7.680781	-40.414563	0	T:201.0(3.03%),B:647.0(1.55%),P:1e-17	Tpos:101.9,Tstd:57.7,Bpos:96.8,Bstd:57.5,StrandBias:-0.2,Multiplicity:1.00
0.001	0.717	0.281	0.001
0.230	0.059	0.043	0.668
0.052	0.001	0.001	0.946
0.845	0.001	0.153	0.001
0.001	0.031	0.153	0.815
0.001	0.821	0.001	0.177
0.310	0.043	0.296	0.351
0.055	0.001	0.938	0.006
>CBGSCSGC	25-CBGSCSGC	5.480273	-39.324662	0	T:1292.0(19.50%),B:6512.9(15.59%),P:1e-17	Tpos:102.8,Tstd:57.0,Bpos:100.4,Bstd:67.2,StrandBias:-0.1,Multiplicity:1.31
0.077	0.842	0.053	0.028
0.192	0.353	0.247	0.208
0.001	0.061	0.937	0.001
0.001	0.567	0.431	0.001
0.071	0.650	0.075	0.204
0.141	0.272	0.369	0.217
0.027	0.050	0.922	0.001
0.001	0.628	0.302	0.069
