>TTGCGWAA	1-TTGCGWAA	5.550215	-1972.085695	0	T:8243.0(49.28%),B:8671.1(26.49%),P:1e-856	Tpos:100.7,Tstd:52.1,Bpos:99.8,Bstd:62.8,StrandBias:-0.0,Multiplicity:1.43
0.001	0.015	0.010	0.974
0.001	0.005	0.034	0.960
0.135	0.001	0.860	0.004
0.088	0.573	0.046	0.293
0.316	0.137	0.504	0.043
0.422	0.242	0.001	0.335
0.737	0.191	0.026	0.046
0.972	0.009	0.017	0.002
>TGACCTTT	2-TGACCTTT	5.609789	-1698.949551	0	T:5918.0(35.38%),B:5471.3(16.72%),P:1e-737	Tpos:100.9,Tstd:50.1,Bpos:101.4,Bstd:60.6,StrandBias:0.1,Multiplicity:1.17
0.022	0.015	0.007	0.956
0.086	0.001	0.912	0.001
0.838	0.132	0.029	0.001
0.137	0.861	0.001	0.001
0.014	0.966	0.001	0.019
0.001	0.049	0.001	0.949
0.047	0.115	0.001	0.837
0.011	0.012	0.001	0.976
>TTTCAWCA	3-TTTCAWCA	5.970635	-1569.618415	0	T:9367.0(56.00%),B:11382.8(34.78%),P:1e-681	Tpos:101.1,Tstd:54.4,Bpos:99.6,Bstd:61.1,StrandBias:-0.0,Multiplicity:1.29
0.001	0.001	0.001	0.997
0.001	0.001	0.034	0.964
0.148	0.001	0.277	0.574
0.034	0.964	0.001	0.001
0.553	0.186	0.057	0.204
0.386	0.184	0.073	0.357
0.300	0.698	0.001	0.001
0.889	0.109	0.001	0.001
>GGBCAAAG	4-GGBCAAAG	6.533739	-1213.115592	0	T:4886.0(29.21%),B:4709.3(14.39%),P:1e-526	Tpos:97.7,Tstd:50.8,Bpos:99.5,Bstd:61.0,StrandBias:-0.0,Multiplicity:1.13
0.012	0.005	0.855	0.128
0.055	0.001	0.887	0.057
0.052	0.280	0.324	0.345
0.102	0.524	0.256	0.118
0.926	0.040	0.022	0.012
0.724	0.008	0.189	0.079
0.877	0.013	0.109	0.001
0.038	0.024	0.864	0.074
>MKATTGCA	5-MKATTGCA	5.504887	-878.623463	0	T:5007.0(29.93%),B:5507.7(16.83%),P:1e-381	Tpos:99.4,Tstd:54.1,Bpos:100.3,Bstd:63.4,StrandBias:0.0,Multiplicity:1.14
0.235	0.379	0.213	0.174
0.117	0.094	0.390	0.399
0.841	0.069	0.063	0.027
0.001	0.012	0.049	0.938
0.019	0.011	0.044	0.926
0.099	0.047	0.821	0.033
0.033	0.929	0.010	0.028
0.781	0.076	0.046	0.097
>GCCAAGTG	6-GCCAAGTG	5.930006	-601.549461	0	T:3815.0(22.81%),B:4261.2(13.02%),P:1e-261	Tpos:100.0,Tstd:51.9,Bpos:98.4,Bstd:64.7,StrandBias:0.0,Multiplicity:1.10
0.001	0.001	0.923	0.075
0.001	0.997	0.001	0.001
0.001	0.997	0.001	0.001
0.984	0.014	0.001	0.001
0.981	0.017	0.001	0.001
0.147	0.241	0.583	0.029
0.017	0.001	0.076	0.906
0.151	0.043	0.782	0.024
>ATGACTCA	7-ATGACTCA	6.337316	-490.667000	0	T:3092.0(18.49%),B:3409.5(10.42%),P:1e-213	Tpos:99.0,Tstd:52.4,Bpos:101.7,Bstd:63.2,StrandBias:-0.0,Multiplicity:1.09
0.392	0.186	0.183	0.238
0.001	0.016	0.007	0.976
0.037	0.006	0.847	0.110
0.773	0.001	0.185	0.041
0.001	0.620	0.370	0.009
0.117	0.227	0.032	0.624
0.039	0.867	0.033	0.061
0.904	0.039	0.035	0.022
>TRGGTCAA	8-TRGGTCAA	7.447246	-473.774414	0	T:1841.0(11.01%),B:1653.7(5.05%),P:1e-205	Tpos:98.8,Tstd:54.0,Bpos:98.7,Bstd:60.6,StrandBias:0.1,Multiplicity:1.03
0.001	0.105	0.123	0.771
0.446	0.017	0.536	0.001
0.034	0.001	0.964	0.001
0.001	0.036	0.962	0.001
0.001	0.017	0.295	0.687
0.001	0.776	0.100	0.123
0.997	0.001	0.001	0.001
0.997	0.001	0.001	0.001
>TTGCCAAA	9-TTGCCAAA	5.552364	-440.489181	0	T:6087.0(36.39%),B:8510.6(26.00%),P:1e-191	Tpos:100.9,Tstd:54.8,Bpos:100.3,Bstd:64.3,StrandBias:-0.1,Multiplicity:1.12
0.001	0.319	0.090	0.590
0.195	0.001	0.001	0.803
0.195	0.164	0.587	0.054
0.001	0.632	0.366	0.001
0.056	0.744	0.092	0.108
0.803	0.025	0.024	0.148
0.517	0.152	0.330	0.001
0.679	0.222	0.054	0.045
>MKTTCACT	10-MKTTCACT	6.696532	-356.858650	0	T:3436.0(20.54%),B:4296.6(13.13%),P:1e-154	Tpos:99.3,Tstd:54.6,Bpos:99.2,Bstd:61.4,StrandBias:0.0,Multiplicity:1.07
0.438	0.461	0.001	0.100
0.134	0.003	0.392	0.471
0.076	0.034	0.001	0.889
0.070	0.001	0.261	0.668
0.001	0.842	0.156	0.001
0.714	0.251	0.034	0.001
0.001	0.997	0.001	0.001
0.423	0.001	0.001	0.575
>GGYCAGAG	11-GGYCAGAG	5.966091	-331.284983	0	T:2392.0(14.30%),B:2726.8(8.33%),P:1e-143	Tpos:98.1,Tstd:54.1,Bpos:99.5,Bstd:61.4,StrandBias:0.0,Multiplicity:1.03
0.001	0.254	0.456	0.288
0.001	0.001	0.778	0.220
0.175	0.410	0.091	0.324
0.252	0.551	0.130	0.067
0.620	0.243	0.136	0.001
0.260	0.200	0.507	0.033
0.815	0.033	0.151	0.001
0.089	0.179	0.679	0.053
>ACAGTTCA	12-ACAGTTCA	6.691649	-291.745214	0	T:2549.0(15.24%),B:3074.2(9.39%),P:1e-126	Tpos:99.7,Tstd:56.3,Bpos:100.0,Bstd:58.9,StrandBias:0.1,Multiplicity:1.04
0.997	0.001	0.001	0.001
0.177	0.628	0.194	0.001
0.836	0.001	0.162	0.001
0.001	0.001	0.997	0.001
0.001	0.001	0.001	0.997
0.386	0.001	0.001	0.612
0.001	0.997	0.001	0.001
0.709	0.001	0.001	0.289
>CAGCTGGC	13-CAGCTGGC	5.698452	-207.052066	0	T:4660.0(27.86%),B:6959.7(21.27%),P:1e-89	Tpos:99.8,Tstd:54.7,Bpos:99.9,Bstd:63.7,StrandBias:0.0,Multiplicity:1.19
0.074	0.792	0.057	0.077
0.836	0.090	0.032	0.042
0.057	0.001	0.751	0.191
0.198	0.674	0.029	0.099
0.070	0.122	0.041	0.767
0.085	0.059	0.855	0.001
0.042	0.001	0.706	0.251
0.124	0.628	0.097	0.151
>CCCAAGGG	14-CCCAAGGG	5.911556	-189.290086	0	T:3047.0(18.22%),B:4240.5(12.96%),P:1e-82	Tpos:99.0,Tstd:53.1,Bpos:99.9,Bstd:59.0,StrandBias:-0.1,Multiplicity:1.11
0.021	0.977	0.001	0.001
0.001	0.997	0.001	0.001
0.056	0.942	0.001	0.001
0.734	0.188	0.011	0.067
0.671	0.038	0.222	0.069
0.040	0.001	0.958	0.001
0.044	0.010	0.945	0.001
0.001	0.001	0.997	0.001
>TAGGGCAA	15-TAGGGCAA	5.740695	-170.041251	0	T:3709.0(22.17%),B:5467.7(16.71%),P:1e-73	Tpos:99.8,Tstd:55.5,Bpos:100.1,Bstd:61.9,StrandBias:-0.0,Multiplicity:1.09
0.001	0.098	0.001	0.900
0.845	0.153	0.001	0.001
0.106	0.037	0.856	0.001
0.359	0.001	0.512	0.128
0.086	0.001	0.912	0.001
0.001	0.924	0.074	0.001
0.707	0.181	0.056	0.056
0.516	0.119	0.106	0.259
>TGACCTAA	16-TGACCTAA	7.508740	-158.815115	0	T:738.0(4.41%),B:706.5(2.16%),P:1e-68	Tpos:99.2,Tstd:52.6,Bpos:100.0,Bstd:59.6,StrandBias:-0.1,Multiplicity:1.02
0.001	0.001	0.001	0.997
0.001	0.001	0.997	0.001
0.997	0.001	0.001	0.001
0.001	0.997	0.001	0.001
0.271	0.685	0.043	0.001
0.001	0.001	0.001	0.997
0.997	0.001	0.001	0.001
0.659	0.087	0.253	0.001
>TGTCGWAA	17-TGTCGWAA	8.296598	-137.317417	0	T:251.0(1.50%),B:142.5(0.44%),P:1e-59	Tpos:95.8,Tstd:50.7,Bpos:97.6,Bstd:52.2,StrandBias:0.1,Multiplicity:1.00
0.001	0.001	0.001	0.997
0.001	0.001	0.656	0.342
0.190	0.001	0.254	0.555
0.001	0.997	0.001	0.001
0.001	0.190	0.808	0.001
0.460	0.001	0.001	0.538
0.997	0.001	0.001	0.001
0.997	0.001	0.001	0.001
>TGCCAAGA	18-TGCCAAGA	7.457147	-121.055328	0	T:1622.0(9.70%),B:2149.9(6.57%),P:1e-52	Tpos:101.6,Tstd:54.1,Bpos:101.2,Bstd:64.6,StrandBias:-0.1,Multiplicity:1.04
0.188	0.046	0.089	0.677
0.001	0.001	0.892	0.106
0.001	0.997	0.001	0.001
0.001	0.997	0.001	0.001
0.997	0.001	0.001	0.001
0.997	0.001	0.001	0.001
0.001	0.001	0.997	0.001
0.821	0.160	0.001	0.018
>GTGCCRGM	19-GTGCCRGM	5.550597	-69.470064	0	T:1569.0(9.38%),B:2291.1(7.00%),P:1e-30	Tpos:100.5,Tstd:55.2,Bpos:101.4,Bstd:62.0,StrandBias:-0.1,Multiplicity:1.05
0.283	0.129	0.554	0.034
0.317	0.015	0.189	0.479
0.087	0.174	0.467	0.272
0.155	0.702	0.044	0.099
0.001	0.853	0.044	0.102
0.495	0.075	0.429	0.001
0.221	0.172	0.523	0.084
0.405	0.404	0.087	0.104
>AGAACATT	20-AGAACATT	9.314859	-66.167821	0	T:538.0(3.22%),B:626.5(1.91%),P:1e-28	Tpos:98.5,Tstd:56.7,Bpos:99.3,Bstd:61.3,StrandBias:0.0,Multiplicity:1.02
0.997	0.001	0.001	0.001
0.001	0.001	0.997	0.001
0.997	0.001	0.001	0.001
0.997	0.001	0.001	0.001
0.001	0.997	0.001	0.001
0.997	0.001	0.001	0.001
0.001	0.173	0.001	0.825
0.001	0.001	0.001	0.997
>TGTGCTAA	21-TGTGCTAA	9.821049	-41.140544	0	T:286.0(1.71%),B:319.2(0.98%),P:1e-17	Tpos:101.9,Tstd:54.5,Bpos:101.0,Bstd:63.4,StrandBias:0.1,Multiplicity:1.02
0.001	0.001	0.001	0.997
0.001	0.001	0.997	0.001
0.001	0.001	0.287	0.711
0.001	0.001	0.997	0.001
0.001	0.997	0.001	0.001
0.001	0.001	0.001	0.997
0.997	0.001	0.001	0.001
0.997	0.001	0.001	0.001
>TTAAGTAA	22-TTAAGTAA	9.621153	-32.083133	0	T:310.0(1.85%),B:381.8(1.17%),P:1e-13	Tpos:105.7,Tstd:52.6,Bpos:96.3,Bstd:59.9,StrandBias:0.2,Multiplicity:1.02
0.001	0.001	0.001	0.997
0.001	0.001	0.001	0.997
0.763	0.001	0.001	0.235
0.997	0.001	0.001	0.001
0.001	0.001	0.997	0.001
0.001	0.001	0.001	0.997
0.997	0.001	0.001	0.001
0.997	0.001	0.001	0.001
>GCCAAAAG	23-GCCAAAAG	9.690996	-31.111361	0	T:473.0(2.83%),B:644.7(1.97%),P:1e-13	Tpos:95.8,Tstd:56.8,Bpos:100.6,Bstd:60.4,StrandBias:-0.1,Multiplicity:1.01
0.001	0.001	0.997	0.001
0.001	0.997	0.001	0.001
0.001	0.997	0.001	0.001
0.997	0.001	0.001	0.001
0.746	0.001	0.252	0.001
0.997	0.001	0.001	0.001
0.997	0.001	0.001	0.001
0.001	0.001	0.997	0.001
>GTTGGCGA	24-GTTGGCGA	9.882093	-12.663644	0	T:34.0(0.20%),B:27.8(0.08%),P:1e-5	Tpos:100.1,Tstd:49.2,Bpos:78.9,Bstd:48.1,StrandBias:-0.2,Multiplicity:1.00
0.001	0.001	0.997	0.001
0.001	0.001	0.001	0.997
0.129	0.001	0.001	0.869
0.001	0.001	0.648	0.350
0.001	0.001	0.997	0.001
0.001	0.997	0.001	0.001
0.001	0.001	0.997	0.001
0.997	0.001	0.001	0.001
>CTTCGCAA	25-CTTCGCAA	9.848542	-12.219916	0	T:43.0(0.26%),B:39.1(0.12%),P:1e-5	Tpos:96.3,Tstd:51.5,Bpos:88.1,Bstd:53.4,StrandBias:0.4,Multiplicity:1.00
0.001	0.703	0.295	0.001
0.001	0.001	0.001	0.997
0.001	0.001	0.001	0.997
0.001	0.997	0.001	0.001
0.001	0.001	0.997	0.001
0.001	0.997	0.001	0.001
0.997	0.001	0.001	0.001
0.997	0.001	0.001	0.001
