>TTTCAWMA	1-TTTCAWMA	3.264168	-2191.071365	0	T:11186.0(66.87%),B:13573.3(41.50%),P:1e-951	Tpos:101.4,Tstd:54.1,Bpos:99.8,Bstd:61.1,StrandBias:-0.1,Multiplicity:1.37
0.001	0.001	0.001	0.997
0.001	0.001	0.001	0.997
0.377	0.001	0.051	0.571
0.001	0.997	0.001	0.001
0.642	0.201	0.068	0.089
0.421	0.200	0.001	0.378
0.553	0.445	0.001	0.001
0.997	0.001	0.001	0.001
>TTGCGHAA	2-TTGCGHAA	6.062397	-2045.253758	0	T:6428.0(38.43%),B:5727.1(17.51%),P:1e-888	Tpos:100.1,Tstd:51.3,Bpos:99.2,Bstd:63.9,StrandBias:-0.0,Multiplicity:1.28
0.002	0.017	0.003	0.978
0.001	0.008	0.023	0.968
0.131	0.001	0.831	0.037
0.087	0.538	0.047	0.328
0.312	0.107	0.546	0.035
0.395	0.284	0.001	0.321
0.759	0.179	0.025	0.037
0.984	0.002	0.013	0.001
>TGACCTTT	3-TGACCTTT	5.836074	-1858.486949	0	T:5510.0(32.94%),B:4668.9(14.27%),P:1e-807	Tpos:100.7,Tstd:49.5,Bpos:100.4,Bstd:59.9,StrandBias:0.0,Multiplicity:1.15
0.020	0.025	0.010	0.945
0.094	0.011	0.894	0.001
0.886	0.091	0.022	0.001
0.146	0.852	0.001	0.001
0.001	0.997	0.001	0.001
0.001	0.049	0.001	0.949
0.036	0.115	0.001	0.848
0.017	0.017	0.001	0.965
>GGCGAAAG	4-GGCGAAAG	5.498123	-1286.971342	0	T:8020.0(47.95%),B:9587.2(29.31%),P:1e-558	Tpos:97.8,Tstd:53.5,Bpos:99.8,Bstd:61.0,StrandBias:0.0,Multiplicity:1.23
0.098	0.025	0.723	0.154
0.036	0.043	0.885	0.036
0.072	0.556	0.194	0.178
0.142	0.294	0.474	0.090
0.911	0.027	0.015	0.047
0.753	0.042	0.169	0.036
0.829	0.026	0.111	0.034
0.019	0.084	0.872	0.025
>CKATTGCA	5-CKATTGCA	5.716766	-906.036300	0	T:5209.0(31.14%),B:5763.6(17.62%),P:1e-393	Tpos:99.2,Tstd:54.3,Bpos:100.0,Bstd:64.2,StrandBias:0.0,Multiplicity:1.15
0.193	0.444	0.152	0.211
0.115	0.088	0.421	0.376
0.807	0.108	0.074	0.011
0.001	0.034	0.013	0.952
0.045	0.019	0.015	0.921
0.132	0.030	0.722	0.116
0.032	0.929	0.009	0.030
0.805	0.044	0.041	0.110
>TTGACCCA	6-TTGACCCA	6.227516	-873.811886	0	T:5097.0(30.47%),B:5655.8(17.29%),P:1e-379	Tpos:99.9,Tstd:51.5,Bpos:100.3,Bstd:62.0,StrandBias:0.0,Multiplicity:1.17
0.145	0.132	0.076	0.647
0.001	0.006	0.004	0.989
0.070	0.099	0.698	0.133
0.512	0.304	0.173	0.011
0.001	0.932	0.031	0.036
0.146	0.571	0.015	0.268
0.024	0.757	0.009	0.210
0.895	0.021	0.007	0.077
>TGCCAAGT	7-TGCCAAGT	5.651086	-600.742872	0	T:4847.0(28.98%),B:5898.3(18.03%),P:1e-260	Tpos:99.9,Tstd:53.0,Bpos:100.1,Bstd:64.4,StrandBias:-0.0,Multiplicity:1.17
0.107	0.010	0.093	0.790
0.001	0.001	0.956	0.042
0.001	0.975	0.023	0.001
0.001	0.997	0.001	0.001
0.958	0.040	0.001	0.001
0.997	0.001	0.001	0.001
0.059	0.139	0.783	0.019
0.117	0.029	0.079	0.775
>TGACATAN	8-TGACATAN	6.227324	-372.203674	0	T:3223.0(19.27%),B:3908.9(11.95%),P:1e-161	Tpos:98.4,Tstd:54.7,Bpos:100.5,Bstd:60.2,StrandBias:-0.0,Multiplicity:1.10
0.001	0.016	0.001	0.982
0.106	0.001	0.892	0.001
0.614	0.001	0.101	0.284
0.164	0.834	0.001	0.001
0.604	0.316	0.079	0.001
0.001	0.151	0.019	0.829
0.847	0.114	0.001	0.038
0.277	0.300	0.223	0.200
>KCTGGCCT	9-KCTGGCCT	6.008633	-342.657292	0	T:6188.0(36.99%),B:9067.7(27.72%),P:1e-148	Tpos:98.8,Tstd:55.7,Bpos:99.3,Bstd:64.8,StrandBias:-0.0,Multiplicity:1.13
0.070	0.023	0.393	0.514
0.001	0.611	0.001	0.387
0.001	0.066	0.001	0.932
0.064	0.001	0.934	0.001
0.144	0.023	0.769	0.064
0.017	0.931	0.051	0.001
0.155	0.526	0.001	0.318
0.114	0.206	0.220	0.460
>CTGSCAGC	10-CTGSCAGC	3.561030	-311.239230	0	T:3926.0(23.47%),B:5250.8(16.05%),P:1e-135	Tpos:101.9,Tstd:53.9,Bpos:101.7,Bstd:66.9,StrandBias:-0.0,Multiplicity:1.08
0.001	0.641	0.001	0.357
0.001	0.001	0.001	0.997
0.001	0.001	0.997	0.001
0.001	0.433	0.565	0.001
0.001	0.997	0.001	0.001
0.997	0.001	0.001	0.001
0.245	0.001	0.753	0.001
0.011	0.560	0.091	0.338
>CCCAAGGG	11-CCCAAGGG	6.136765	-249.713296	0	T:2783.0(16.64%),B:3575.4(10.93%),P:1e-108	Tpos:98.6,Tstd:53.2,Bpos:100.0,Bstd:60.1,StrandBias:-0.0,Multiplicity:1.09
0.001	0.930	0.046	0.023
0.001	0.980	0.001	0.018
0.062	0.936	0.001	0.001
0.806	0.125	0.001	0.068
0.674	0.039	0.220	0.067
0.048	0.001	0.950	0.001
0.023	0.001	0.975	0.001
0.001	0.001	0.997	0.001
>CAGCTGGC	12-CAGCTGGC	5.353918	-244.698198	0	T:3828.0(22.89%),B:5336.1(16.31%),P:1e-106	Tpos:99.3,Tstd:54.7,Bpos:101.4,Bstd:64.9,StrandBias:0.0,Multiplicity:1.13
0.135	0.621	0.153	0.091
0.653	0.113	0.123	0.111
0.149	0.032	0.636	0.183
0.161	0.525	0.021	0.293
0.026	0.235	0.100	0.639
0.040	0.151	0.644	0.165
0.206	0.072	0.680	0.042
0.120	0.755	0.112	0.013
>RTGASTCA	13-RTGASTCA	6.788184	-191.276891	0	T:1727.0(10.32%),B:2081.6(6.36%),P:1e-83	Tpos:101.2,Tstd:53.6,Bpos:101.2,Bstd:61.2,StrandBias:0.1,Multiplicity:1.04
0.506	0.059	0.434	0.001
0.001	0.097	0.001	0.901
0.051	0.001	0.796	0.152
0.950	0.031	0.018	0.001
0.001	0.519	0.394	0.086
0.088	0.059	0.066	0.787
0.119	0.683	0.050	0.148
0.942	0.044	0.013	0.001
>ACAKTTCA	14-ACAKTTCA	7.990869	-127.101190	0	T:1530.0(9.15%),B:1977.2(6.04%),P:1e-55	Tpos:100.2,Tstd:55.3,Bpos:101.2,Bstd:61.6,StrandBias:-0.0,Multiplicity:1.03
0.964	0.034	0.001	0.001
0.001	0.997	0.001	0.001
0.948	0.001	0.050	0.001
0.001	0.001	0.480	0.518
0.001	0.001	0.001	0.997
0.001	0.315	0.001	0.683
0.001	0.997	0.001	0.001
0.596	0.305	0.098	0.001
>AGAACATT	15-AGAACATT	7.279700	-118.228375	0	T:1796.0(10.74%),B:2444.2(7.47%),P:1e-51	Tpos:99.0,Tstd:55.9,Bpos:99.4,Bstd:62.9,StrandBias:0.1,Multiplicity:1.06
0.913	0.001	0.085	0.001
0.001	0.092	0.906	0.001
0.625	0.373	0.001	0.001
0.997	0.001	0.001	0.001
0.001	0.997	0.001	0.001
0.997	0.001	0.001	0.001
0.001	0.101	0.183	0.715
0.001	0.001	0.001	0.997
>WACCCTTG	16-WACCCTTG	7.234045	-108.771887	0	T:1088.0(6.50%),B:1340.6(4.10%),P:1e-47	Tpos:100.1,Tstd:52.9,Bpos:102.6,Bstd:61.7,StrandBias:0.1,Multiplicity:1.01
0.294	0.230	0.081	0.395
0.646	0.057	0.292	0.005
0.001	0.997	0.001	0.001
0.004	0.626	0.212	0.158
0.001	0.971	0.001	0.027
0.001	0.005	0.077	0.917
0.002	0.132	0.001	0.865
0.205	0.001	0.655	0.139
>AACATCTG	17-AACATCTG	9.146910	-105.574294	0	T:844.0(5.05%),B:976.4(2.99%),P:1e-45	Tpos:98.9,Tstd:54.1,Bpos:100.5,Bstd:62.4,StrandBias:0.0,Multiplicity:1.02
0.770	0.001	0.228	0.001
0.997	0.001	0.001	0.001
0.001	0.997	0.001	0.001
0.907	0.001	0.091	0.001
0.001	0.001	0.295	0.703
0.001	0.997	0.001	0.001
0.001	0.001	0.001	0.997
0.001	0.001	0.997	0.001
>AGGGAACA	18-AGGGAACA	4.978304	-95.169673	0	T:1977.0(11.82%),B:2852.8(8.72%),P:1e-41	Tpos:100.7,Tstd:56.0,Bpos:100.8,Bstd:61.6,StrandBias:-0.1,Multiplicity:1.06
0.801	0.001	0.001	0.197
0.001	0.001	0.997	0.001
0.001	0.001	0.997	0.001
0.001	0.012	0.986	0.001
0.997	0.001	0.001	0.001
0.997	0.001	0.001	0.001
0.001	0.645	0.001	0.353
0.661	0.001	0.001	0.337
>RGGGTTAA	19-RGGGTTAA	7.773924	-95.122284	0	T:873.0(5.22%),B:1050.2(3.21%),P:1e-41	Tpos:97.8,Tstd:55.0,Bpos:99.7,Bstd:57.4,StrandBias:0.2,Multiplicity:1.03
0.541	0.001	0.457	0.001
0.001	0.001	0.997	0.001
0.001	0.001	0.997	0.001
0.001	0.001	0.997	0.001
0.001	0.001	0.001	0.997
0.001	0.001	0.296	0.702
0.997	0.001	0.001	0.001
0.768	0.230	0.001	0.001
>GAGGTCAG	20-GAGGTCAG	9.789188	-92.885965	0	T:362.0(2.16%),B:321.0(0.98%),P:1e-40	Tpos:99.6,Tstd:56.6,Bpos:103.0,Bstd:55.8,StrandBias:-0.4,Multiplicity:1.01
0.001	0.001	0.997	0.001
0.720	0.278	0.001	0.001
0.001	0.001	0.997	0.001
0.001	0.001	0.997	0.001
0.001	0.001	0.001	0.997
0.001	0.997	0.001	0.001
0.997	0.001	0.001	0.001
0.001	0.001	0.997	0.001
>GTCCTAGT	21-GTCCTAGT	7.245842	-80.656212	0	T:627.0(3.75%),B:720.0(2.20%),P:1e-35	Tpos:97.1,Tstd:52.8,Bpos:96.2,Bstd:58.8,StrandBias:-0.3,Multiplicity:1.01
0.001	0.008	0.990	0.001
0.029	0.001	0.131	0.839
0.001	0.997	0.001	0.001
0.118	0.771	0.110	0.001
0.001	0.210	0.001	0.788
0.815	0.183	0.001	0.001
0.221	0.001	0.770	0.008
0.001	0.112	0.001	0.886
>TTRCAGCG	22-TTRCAGCG	7.890120	-55.137692	0	T:559.0(3.34%),B:691.0(2.11%),P:1e-23	Tpos:102.8,Tstd:56.0,Bpos:103.5,Bstd:65.3,StrandBias:0.1,Multiplicity:1.02
0.001	0.001	0.001	0.997
0.001	0.001	0.001	0.997
0.425	0.001	0.573	0.001
0.001	0.997	0.001	0.001
0.997	0.001	0.001	0.001
0.001	0.001	0.620	0.378
0.001	0.997	0.001	0.001
0.157	0.001	0.841	0.001
>AATCTTGC	23-AATCTTGC	9.066842	-51.149460	0	T:323.0(1.93%),B:348.2(1.06%),P:1e-22	Tpos:91.7,Tstd:49.9,Bpos:102.2,Bstd:55.9,StrandBias:0.2,Multiplicity:1.00
0.997	0.001	0.001	0.001
0.997	0.001	0.001	0.001
0.001	0.001	0.001	0.997
0.001	0.997	0.001	0.001
0.001	0.001	0.001	0.997
0.001	0.001	0.135	0.863
0.001	0.001	0.997	0.001
0.001	0.997	0.001	0.001
>TCCAAGTR	24-TCCAAGTR	8.869518	-44.123482	0	T:413.0(2.47%),B:501.6(1.53%),P:1e-19	Tpos:98.6,Tstd:51.1,Bpos:104.8,Bstd:60.1,StrandBias:-0.0,Multiplicity:1.01
0.001	0.001	0.170	0.828
0.045	0.953	0.001	0.001
0.001	0.997	0.001	0.001
0.708	0.001	0.290	0.001
0.997	0.001	0.001	0.001
0.001	0.001	0.908	0.090
0.001	0.001	0.001	0.997
0.527	0.001	0.471	0.001
>AGGGGTCA	25-AGGGGTCA	8.927087	-30.621707	0	T:298.0(1.78%),B:367.6(1.12%),P:1e-13	Tpos:98.4,Tstd:55.3,Bpos:99.3,Bstd:54.1,StrandBias:0.1,Multiplicity:1.00
0.997	0.001	0.001	0.001
0.001	0.001	0.997	0.001
0.001	0.001	0.997	0.001
0.001	0.162	0.836	0.001
0.001	0.001	0.997	0.001
0.001	0.001	0.001	0.997
0.001	0.858	0.001	0.140
0.997	0.001	0.001	0.001
