>RRCATGYCYRGRCATGYYYN	p53(p53)/Saos-p53-ChIP-Seq(GSE15780)/Homer	8.592185	-14.922655	0	T:140.0(0.84%),B:174.5(0.53%),P:1e-6
0.274	0.108	0.420	0.198
0.480	0.052	0.333	0.135
0.019	0.825	0.070	0.086
0.656	0.118	0.056	0.170
0.221	0.028	0.099	0.652
0.002	0.003	0.989	0.006
0.077	0.405	0.021	0.497
0.150	0.534	0.078	0.238
0.168	0.360	0.132	0.341
0.348	0.137	0.341	0.175
0.241	0.078	0.525	0.156
0.498	0.022	0.404	0.076
0.007	0.986	0.004	0.003
0.651	0.100	0.029	0.220
0.165	0.054	0.108	0.673
0.083	0.046	0.853	0.018
0.126	0.342	0.057	0.475
0.211	0.415	0.109	0.265
0.190	0.348	0.138	0.324
0.253	0.268	0.240	0.238
