>AYAGTGCCMYCTRGTGGCCA	CTCF(Zf)/CD4+-CTCF-ChIP-Seq(Barski_et_al.)/Homer	8.704837	-18.986156	0	T:91.0(1.37%),B:296.0(0.71%),P:1e-8
0.447	0.221	0.181	0.151
0.037	0.340	0.236	0.386
0.499	0.061	0.330	0.110
0.033	0.377	0.529	0.061
0.023	0.378	0.005	0.594
0.061	0.005	0.887	0.047
0.079	0.906	0.005	0.010
0.002	0.994	0.001	0.003
0.502	0.475	0.007	0.016
0.002	0.527	0.004	0.467
0.003	0.995	0.001	0.001
0.030	0.036	0.004	0.930
0.382	0.042	0.446	0.130
0.020	0.273	0.686	0.021
0.047	0.039	0.014	0.900
0.002	0.001	0.995	0.002
0.040	0.034	0.873	0.053
0.161	0.528	0.061	0.250
0.277	0.428	0.117	0.178
0.541	0.092	0.267	0.100
