>GTCWGCTGTYYCTCT	ZNF317(Zf)/HEK293-ZNF317.GFP-ChIP-Seq(GSE58341)/Homer	9.525187	-9.329255	0	T:63.0(0.95%),B:237.5(0.57%),P:1e-4
0.245	0.001	0.753	0.001
0.001	0.001	0.001	0.997
0.001	0.997	0.001	0.001
0.472	0.037	0.094	0.397
0.001	0.018	0.811	0.170
0.001	0.755	0.037	0.207
0.357	0.094	0.001	0.548
0.001	0.001	0.997	0.001
0.132	0.094	0.001	0.773
0.038	0.472	0.094	0.396
0.189	0.340	0.057	0.415
0.208	0.433	0.076	0.283
0.206	0.189	0.001	0.604
0.001	0.943	0.001	0.055
0.075	0.302	0.132	0.491
