>VAGGTCACNSTGACC	ERE(NR),IR3/MCF7-ERa-ChIP-Seq(Unpublished)/Homer	7.666577	-8.005702	0	T:168.0(2.54%),B:806.8(1.93%),P:1e-3
0.353	0.257	0.221	0.168
0.664	0.016	0.268	0.052
0.060	0.001	0.801	0.138
0.028	0.004	0.950	0.018
0.057	0.033	0.154	0.756
0.001	0.928	0.031	0.040
0.934	0.007	0.026	0.033
0.144	0.421	0.262	0.173
0.219	0.308	0.251	0.222
0.166	0.283	0.387	0.164
0.037	0.015	0.007	0.941
0.042	0.024	0.933	0.001
0.729	0.164	0.038	0.069
0.022	0.933	0.005	0.040
0.158	0.763	0.001	0.078
