>GCTGASTCAGCA	MafK(bZIP)/C2C12-MafK-ChIP-Seq(GSE36030)/Homer	8.221544	-30.542800	0	T:171.0(2.58%),B:578.7(1.38%),P:1e-13
0.079	0.058	0.806	0.057
0.094	0.778	0.098	0.030
0.071	0.072	0.001	0.856
0.104	0.004	0.788	0.104
0.883	0.018	0.055	0.044
0.048	0.446	0.452	0.055
0.055	0.046	0.016	0.883
0.123	0.815	0.006	0.056
0.901	0.001	0.027	0.071
0.019	0.030	0.767	0.184
0.089	0.696	0.147	0.068
0.641	0.135	0.130	0.094
