>TGTAAAYA	1-TGTAAAYA	7.341861	-5435.760112	0	T:3998.0(60.36%),B:3757.5(8.99%),P:1e-2360	Tpos:99.0,Tstd:39.5,Bpos:99.0,Bstd:65.3,StrandBias:-0.1,Multiplicity:1.19
0.237	0.003	0.201	0.559
0.134	0.001	0.864	0.001
0.001	0.133	0.001	0.865
0.617	0.366	0.001	0.016
0.896	0.087	0.001	0.016
0.997	0.001	0.001	0.001
0.001	0.517	0.001	0.481
0.997	0.001	0.001	0.001
>TRTTTGCY	2-TRTTTGCY	6.890940	-2454.365370	0	T:3650.0(55.10%),B:7141.1(17.08%),P:1e-1065	Tpos:99.2,Tstd:48.1,Bpos:99.3,Bstd:67.3,StrandBias:0.1,Multiplicity:1.26
0.001	0.001	0.001	0.997
0.533	0.001	0.465	0.001
0.001	0.001	0.001	0.997
0.001	0.001	0.077	0.921
0.001	0.001	0.001	0.997
0.259	0.001	0.739	0.001
0.001	0.694	0.001	0.304
0.001	0.455	0.095	0.449
>GTTTACTT	3-GTTTACTT	7.240962	-1617.091790	0	T:1269.0(19.16%),B:1016.7(2.43%),P:1e-702	Tpos:98.2,Tstd:49.9,Bpos:105.3,Bstd:58.4,StrandBias:0.0,Multiplicity:1.01
0.001	0.001	0.997	0.001
0.001	0.001	0.001	0.997
0.001	0.001	0.001	0.997
0.001	0.001	0.001	0.997
0.997	0.001	0.001	0.001
0.001	0.997	0.001	0.001
0.080	0.001	0.001	0.918
0.001	0.271	0.001	0.727
>TGTTTRCA	4-TGTTTRCA	7.741311	-1177.751829	0	T:1522.0(22.98%),B:2224.4(5.32%),P:1e-511	Tpos:100.6,Tstd:45.7,Bpos:98.9,Bstd:69.4,StrandBias:0.0,Multiplicity:1.05
0.134	0.001	0.001	0.864
0.001	0.001	0.866	0.132
0.001	0.001	0.001	0.997
0.001	0.001	0.137	0.861
0.001	0.132	0.001	0.866
0.553	0.001	0.445	0.001
0.001	0.854	0.001	0.144
0.862	0.001	0.136	0.001
>AAAGGTCA	5-AAAGGTCA	5.500369	-574.891499	0	T:2294.0(34.63%),B:7247.5(17.34%),P:1e-249	Tpos:100.2,Tstd:52.8,Bpos:102.0,Bstd:63.8,StrandBias:0.1,Multiplicity:1.22
0.903	0.047	0.022	0.028
0.830	0.037	0.104	0.029
0.976	0.001	0.022	0.001
0.001	0.001	0.997	0.001
0.017	0.001	0.790	0.192
0.001	0.037	0.109	0.853
0.001	0.950	0.001	0.048
0.953	0.008	0.023	0.016
>CAAAGTCC	6-CAAAGTCC	5.232647	-458.005358	0	T:2132.0(32.19%),B:7101.5(16.99%),P:1e-198	Tpos:98.2,Tstd:53.5,Bpos:99.5,Bstd:62.7,StrandBias:-0.0,Multiplicity:1.12
0.001	0.980	0.001	0.018
0.967	0.025	0.007	0.001
0.822	0.001	0.150	0.027
0.931	0.009	0.049	0.011
0.001	0.001	0.965	0.033
0.001	0.001	0.016	0.982
0.128	0.775	0.001	0.096
0.043	0.823	0.005	0.129
>TTGCGYAA	7-TTGCGYAA	7.179071	-368.478678	0	T:1074.0(16.21%),B:2750.5(6.58%),P:1e-160	Tpos:99.8,Tstd:51.5,Bpos:99.7,Bstd:66.6,StrandBias:-0.1,Multiplicity:1.06
0.001	0.025	0.001	0.973
0.001	0.032	0.001	0.966
0.343	0.001	0.554	0.102
0.040	0.559	0.042	0.359
0.001	0.052	0.717	0.230
0.240	0.332	0.001	0.426
0.938	0.060	0.001	0.001
0.960	0.033	0.001	0.006
>AATCAATA	8-AATCAATA	7.413578	-286.701323	0	T:743.0(11.22%),B:1754.7(4.20%),P:1e-124	Tpos:95.7,Tstd:51.6,Bpos:100.8,Bstd:63.1,StrandBias:0.1,Multiplicity:1.09
0.892	0.001	0.106	0.001
0.997	0.001	0.001	0.001
0.001	0.001	0.001	0.997
0.001	0.997	0.001	0.001
0.981	0.001	0.017	0.001
0.922	0.001	0.001	0.076
0.001	0.262	0.001	0.736
0.779	0.043	0.085	0.093
>KATTGGCA	9-KATTGGCA	6.027335	-274.695526	0	T:1689.0(25.50%),B:6083.0(14.55%),P:1e-119	Tpos:99.8,Tstd:54.0,Bpos:100.6,Bstd:64.2,StrandBias:0.1,Multiplicity:1.12
0.134	0.176	0.299	0.391
0.691	0.271	0.037	0.001
0.001	0.001	0.001	0.997
0.001	0.191	0.001	0.807
0.048	0.007	0.813	0.132
0.176	0.117	0.706	0.001
0.001	0.965	0.033	0.001
0.451	0.096	0.222	0.231
>TTGASTCA	10-TTGASTCA	7.170195	-223.727241	0	T:959.0(14.48%),B:2937.9(7.03%),P:1e-97	Tpos:98.1,Tstd:54.5,Bpos:101.6,Bstd:63.7,StrandBias:0.1,Multiplicity:1.08
0.094	0.191	0.187	0.528
0.001	0.001	0.001	0.997
0.001	0.001	0.884	0.114
0.677	0.241	0.081	0.001
0.240	0.324	0.435	0.001
0.001	0.001	0.001	0.997
0.180	0.818	0.001	0.001
0.997	0.001	0.001	0.001
>TTKGGCAA	11-TTKGGCAA	6.689658	-217.187337	0	T:1257.0(18.98%),B:4364.6(10.44%),P:1e-94	Tpos:98.4,Tstd:53.5,Bpos:99.7,Bstd:68.8,StrandBias:0.1,Multiplicity:1.05
0.069	0.020	0.001	0.910
0.034	0.014	0.054	0.898
0.004	0.103	0.400	0.494
0.184	0.043	0.649	0.124
0.051	0.018	0.703	0.228
0.035	0.846	0.001	0.118
0.853	0.021	0.060	0.066
0.764	0.101	0.114	0.021
>TGACCTGG	12-TGACCTGG	5.613442	-203.420370	0	T:2391.0(36.10%),B:10458.8(25.02%),P:1e-88	Tpos:100.9,Tstd:54.8,Bpos:100.3,Bstd:64.2,StrandBias:0.1,Multiplicity:1.23
0.001	0.001	0.001	0.997
0.071	0.001	0.927	0.001
0.740	0.129	0.130	0.001
0.152	0.795	0.028	0.025
0.001	0.997	0.001	0.001
0.109	0.331	0.001	0.559
0.211	0.065	0.486	0.239
0.273	0.099	0.627	0.001
>CTCTGGCC	13-CTCTGGCC	4.261154	-185.122758	0	T:4535.0(68.46%),B:23850.7(57.06%),P:1e-80	Tpos:100.3,Tstd:56.4,Bpos:100.7,Bstd:62.6,StrandBias:0.0,Multiplicity:1.63
0.124	0.759	0.089	0.028
0.107	0.179	0.104	0.610
0.028	0.798	0.018	0.156
0.052	0.074	0.069	0.805
0.056	0.054	0.801	0.089
0.117	0.072	0.735	0.076
0.100	0.778	0.083	0.039
0.127	0.721	0.061	0.091
>TTASTCAT	14-TTASTCAT	6.463330	-183.581997	0	T:683.0(10.31%),B:1945.3(4.65%),P:1e-79	Tpos:101.2,Tstd:55.3,Bpos:103.6,Bstd:63.8,StrandBias:0.0,Multiplicity:1.02
0.001	0.001	0.001	0.997
0.001	0.001	0.151	0.847
0.997	0.001	0.001	0.001
0.001	0.465	0.533	0.001
0.001	0.001	0.001	0.997
0.001	0.997	0.001	0.001
0.997	0.001	0.001	0.001
0.001	0.301	0.022	0.676
>GACCTTTG	15-GACCTTTG	7.920938	-179.108048	0	T:625.0(9.44%),B:1723.8(4.12%),P:1e-77	Tpos:94.0,Tstd:48.2,Bpos:101.5,Bstd:68.2,StrandBias:-0.1,Multiplicity:1.01
0.137	0.001	0.861	0.001
0.997	0.001	0.001	0.001
0.001	0.997	0.001	0.001
0.001	0.997	0.001	0.001
0.001	0.001	0.001	0.997
0.001	0.001	0.001	0.997
0.001	0.001	0.287	0.711
0.001	0.280	0.438	0.280
>GTTTATCT	16-GTTTATCT	6.184679	-147.908243	0	T:1255.0(18.95%),B:4898.4(11.72%),P:1e-64	Tpos:101.2,Tstd:57.5,Bpos:99.4,Bstd:60.8,StrandBias:-0.1,Multiplicity:1.09
0.143	0.119	0.605	0.133
0.117	0.322	0.019	0.542
0.001	0.001	0.001	0.997
0.234	0.001	0.219	0.546
0.997	0.001	0.001	0.001
0.117	0.018	0.001	0.864
0.057	0.888	0.001	0.054
0.156	0.169	0.103	0.572
>TGTGTACT	17-TGTGTACT	7.990208	-125.674266	0	T:270.0(4.08%),B:558.4(1.34%),P:1e-54	Tpos:98.4,Tstd:46.2,Bpos:102.7,Bstd:64.8,StrandBias:0.0,Multiplicity:1.02
0.001	0.001	0.001	0.997
0.001	0.001	0.997	0.001
0.001	0.001	0.001	0.997
0.001	0.001	0.997	0.001
0.001	0.001	0.001	0.997
0.997	0.001	0.001	0.001
0.001	0.997	0.001	0.001
0.001	0.217	0.046	0.736
>AGTCCAAA	18-AGTCCAAA	7.508846	-119.357197	0	T:471.0(7.11%),B:1370.3(3.28%),P:1e-51	Tpos:94.1,Tstd:50.9,Bpos:100.0,Bstd:65.1,StrandBias:-0.1,Multiplicity:1.03
0.997	0.001	0.001	0.001
0.001	0.001	0.997	0.001
0.001	0.001	0.001	0.997
0.001	0.868	0.001	0.130
0.001	0.997	0.001	0.001
0.997	0.001	0.001	0.001
0.997	0.001	0.001	0.001
0.603	0.218	0.178	0.001
>MTGACCTT	19-MTGACCTT	8.913842	-106.440525	0	T:328.0(4.95%),B:843.1(2.02%),P:1e-46	Tpos:114.2,Tstd:71.7,Bpos:153.8,Bstd:45.8,StrandBias:1.0,Multiplicity:1.00
0.550	0.422	0.027	0.001
0.001	0.001	0.001	0.997
0.001	0.001	0.997	0.001
0.997	0.001	0.001	0.001
0.001	0.997	0.001	0.001
0.001	0.997	0.001	0.001
0.001	0.001	0.001	0.997
0.210	0.001	0.001	0.788
>AAACGRGC	20-AAACGRGC	8.298832	-101.649391	0	T:251.0(3.79%),B:568.4(1.36%),P:1e-44	Tpos:101.2,Tstd:55.1,Bpos:104.3,Bstd:69.6,StrandBias:0.4,Multiplicity:1.00
0.997	0.001	0.001	0.001
0.841	0.001	0.001	0.157
0.828	0.001	0.001	0.170
0.001	0.997	0.001	0.001
0.185	0.001	0.813	0.001
0.534	0.001	0.464	0.001
0.001	0.001	0.997	0.001
0.001	0.997	0.001	0.001
>TTGGCTAA	21-TTGGCTAA	7.163031	-75.250090	0	T:588.0(8.88%),B:2205.3(5.28%),P:1e-32	Tpos:103.6,Tstd:54.0,Bpos:101.6,Bstd:66.4,StrandBias:-0.1,Multiplicity:1.03
0.001	0.023	0.032	0.944
0.001	0.008	0.001	0.990
0.001	0.013	0.985	0.001
0.001	0.130	0.817	0.052
0.001	0.843	0.063	0.093
0.017	0.001	0.028	0.954
0.538	0.191	0.099	0.172
0.951	0.021	0.014	0.014
>TGTTGMAA	22-TGTTGMAA	8.199982	-56.065344	0	T:373.0(5.63%),B:1328.7(3.18%),P:1e-24	Tpos:96.8,Tstd:55.1,Bpos:103.4,Bstd:68.2,StrandBias:0.2,Multiplicity:1.04
0.001	0.085	0.073	0.841
0.075	0.001	0.813	0.111
0.324	0.001	0.024	0.651
0.108	0.067	0.103	0.722
0.001	0.178	0.820	0.001
0.562	0.436	0.001	0.001
0.831	0.001	0.026	0.142
0.907	0.091	0.001	0.001
>CCCCCCCC	23-CCCCCCCC	7.828242	-50.765178	0	T:491.0(7.41%),B:1953.8(4.67%),P:1e-22	Tpos:102.2,Tstd:57.9,Bpos:99.8,Bstd:56.1,StrandBias:-0.2,Multiplicity:1.16
0.001	0.997	0.001	0.001
0.001	0.957	0.013	0.029
0.106	0.565	0.072	0.257
0.001	0.829	0.097	0.073
0.001	0.760	0.095	0.144
0.001	0.904	0.028	0.067
0.001	0.982	0.001	0.016
0.001	0.997	0.001	0.001
>GCCACGTG	24-GCCACGTG	8.210868	-38.183221	0	T:141.0(2.13%),B:401.1(0.96%),P:1e-16	Tpos:97.2,Tstd:55.4,Bpos:97.2,Bstd:63.8,StrandBias:-0.3,Multiplicity:1.04
0.098	0.088	0.813	0.001
0.217	0.679	0.001	0.103
0.001	0.997	0.001	0.001
0.946	0.001	0.052	0.001
0.001	0.997	0.001	0.001
0.001	0.001	0.997	0.001
0.069	0.027	0.001	0.903
0.001	0.001	0.997	0.001
>GSCGGCCG	25-GSCGGCCG	4.914032	-30.516918	0	T:1379.0(20.82%),B:7221.7(17.28%),P:1e-13	Tpos:99.4,Tstd:57.5,Bpos:100.0,Bstd:65.1,StrandBias:0.1,Multiplicity:1.45
0.217	0.234	0.548	0.001
0.001	0.546	0.452	0.001
0.001	0.997	0.001	0.001
0.133	0.122	0.642	0.103
0.001	0.205	0.793	0.001
0.001	0.666	0.332	0.001
0.099	0.660	0.036	0.205
0.219	0.290	0.486	0.004
